0	16	03	03	
1	12	41	00	
0	16	13	13	
1	4	05	
1	22	13	9A	10	
1	34	10	80	20	00	01	
1	52	13	20	00	4D	80	00	04	
1	88	40	00	00	80	00	04	04	00	00	08	40	
1	106	03	80	00	00	00	01	68	00	10	00	00	20	00	01	
1	96	01	04	00	00	08	40	01	04	00	00	08	40	
1	116	33	05	10	00	00	20	00	CD	14	40	00	00	80	00	04	
1	114	02	11	00	00	80	00	C0	04	22	00	00	00	01	80	01
2	0
0	16	03	03	
1	12	41	00	
0	16	13	13	
1	4	05	
1	22	13	9A	10	
1	34	10	80	20	00	01	
1	52	13	20	00	4D	80	00	04	
1	88	40	00	00	80	00	04	04	00	00	08	40	
1	106	03	80	00	00	00	01	68	00	10	00	00	20	00	01	
1	96	01	04	00	00	08	40	01	04	00	00	08	40	
1	116	33	05	10	00	00	20	00	CD	14	40	00	00	80	00	04
1	114	03	11	00	00	80	00	C0	06	22	00	00	00	01	80	01
2	0
0	16	03	03	
1	12	41	00	
0	16	13	13	
1	4	05	
1	22	13	9A	10	
1	34	10	80	20	00	01	
1	52	13	20	00	4D	80	00	04	
1	88	40	00	00	80	00	04	04	00	00	08	40	
1	106	03	80	00	00	00	01	68	00	10	00	00	20	00	01	
1	96	01	04	00	00	08	40	01	04	00	00	08	40	
1	116	33	05	10	00	00	20	00	CD	14	40	00	00	80	00	04
1	114	02	11	00	00	80	00	C0	04	22	00	00	00	01	80	01
2	0
0	16	03	03	
1	12	41	00	
0	16	13	13	
1	4	05	
1	22	13	9A	10	
1	34	10	80	20	00	01	
1	52	13	20	00	4D	80	00	04	
1	88	40	00	00	80	00	04	04	00	00	08	40	
1	106	03	80	00	00	00	01	68	00	10	00	00	20	00	01	
1	96	01	04	00	00	08	40	01	04	00	00	08	40	
1	116	33	05	10	00	00	20	00	CD	14	40	00	00	80	00	04	
