3	100
0	8	03	
1	6	01	
0	8	13	
1	2	01	
1	11	13	02	
1	17	10	80	00	
1	26	13	20	00	01	
1	44	40	00	00	80	00	04	
1	53	03	80	00	00	00	01	08	
1	48	01	04	00	00	08	40	
1	58	33	05	10	00	00	20	00	01	
1	57	02	11	00	00	80	00	C0	00	
2	0	
0	8	03	
1	6	01	
0	8	13	
1	2	01	
1	11	13	02	
1	17	10	80	00	
1	26	13	20	00	01	
1	44	40	00	00	80	00	04	
1	53	03	80	00	00	00	01	08	
1	48	01	04	00	00	08	40	
1	58	33	05	10	00	00	20	00	01	
1	57	03	11	00	00	80	00	C0	00	
2	0	
0	8	03	
1	6	01	
0	8	13	
1	2	01	
1	11	13	02	
1	17	10	80	00	
1	26	13	20	00	01	
1	44	40	00	00	80	00	04	
1	53	03	80	00	00	00	01	08	
1	48	01	04	00	00	08	40	
1	58	33	05	10	00	00	20	00	01	
1	57	02	11	00	00	80	00	C0	00	
2	0	
0	8	03	
1	6	01	
0	8	13	
1	2	01	
1	11	13	02	
1	17	10	80	00	
1	26	13	20	00	01	
1	44	40	00	00	80	00	04	
1	53	03	80	00	00	00	01	08	
1	48	01	04	00	00	08	40	
1	58	33	05	10	00	00	20	00	01	
1	57	00	11	00	00	80	00	C0	00	
